#AE-772-1
#Oxygen (µmol/L)
Time	dt (s)	C2	E2	G2	
23-04-2026 13:33:14,377	0.419	3.943040	4.268010	2.761196
23-04-2026 13:33:17,584	3.626	3.968945	4.289540	2.767933
23-04-2026 13:33:20,798	6.840	3.973661	4.309889	2.769059
23-04-2026 13:33:24,092	10.133	3.990155	4.323063	2.762317
23-04-2026 13:33:27,400	13.441	4.004298	4.351834	2.764565
23-04-2026 13:33:30,704	16.746	4.025538	4.361432	2.766806
23-04-2026 13:33:34,012	20.053	4.029075	4.378236	2.769059
23-04-2026 13:33:37,214	23.255	4.044430	4.398653	2.775790
23-04-2026 13:33:40,419	26.461	4.056247	4.419083	2.773548
23-04-2026 13:33:43,725	29.767	4.072795	4.437122	2.776922
23-04-2026 13:33:47,035	33.076	4.091715	4.456381	2.775790
23-04-2026 13:33:50,338	36.379	4.111845	4.476854	2.783668
23-04-2026 13:33:53,643	39.684	4.123684	4.494941	2.787030
23-04-2026 13:33:56,947	42.988	4.135535	4.515436	2.782538
23-04-2026 13:34:00,150	46.191	4.158062	4.537169	2.784781
23-04-2026 13:34:03,365	49.406	4.169926	4.562541	2.789280
23-04-2026 13:34:06,669	52.711	4.191288	4.579468	2.784781
23-04-2026 13:34:09,977	56.018	4.201978	4.606089	2.789280
23-04-2026 13:34:13,287	59.328	4.217434	4.615775	2.785905
23-04-2026 13:34:16,590	62.631	4.241219	4.642435	2.792658
23-04-2026 13:34:19,794	65.835	4.251931	4.667909	2.794899
23-04-2026 13:34:22,999	69.040	4.265031	4.690969	2.797152
23-04-2026 13:34:26,303	72.344	4.287666	4.714055	2.793776
23-04-2026 13:34:29,611	75.652	4.301965	4.734736	2.793775
23-04-2026 13:34:32,916	78.958	4.319865	4.755413	2.797152
23-04-2026 13:34:36,220	82.261	4.340154	4.772465	2.799402
23-04-2026 13:34:39,423	85.465	4.350903	4.790742	2.805023
23-04-2026 13:34:42,632	88.673	4.370031	4.804154	2.802771
23-04-2026 13:34:45,938	91.979	4.383181	4.823674	2.801652
23-04-2026 13:34:49,242	95.283	4.408315	4.837103	2.807275
23-04-2026 13:34:52,550	98.592	4.419088	4.850538	2.809522
23-04-2026 13:34:55,854	101.896	4.428671	4.878649	2.811772
23-04-2026 13:34:59,059	105.101	4.439461	4.897005	2.817398
23-04-2026 13:35:02,364	108.406	4.457441	4.915364	2.825271
23-04-2026 13:35:05,672	111.713	4.474240	4.930065	2.829780
23-04-2026 13:35:08,979	115.020	4.479044	4.939868	2.829780
23-04-2026 13:35:12,283	118.325	4.497054	4.965615	2.828651
23-04-2026 13:35:15,487	121.528	4.507868	4.976659	2.829780
23-04-2026 13:35:18,690	124.731	4.530705	4.996300	2.828651
23-04-2026 13:35:21,997	128.039	4.541530	5.015964	2.834284
23-04-2026 13:35:25,295	131.336	4.558381	5.025797	2.838784
23-04-2026 13:35:28,608	134.649	4.560792	5.034406	2.844418
23-04-2026 13:35:31,911	137.953	4.583671	5.059015	2.846671
23-04-2026 13:35:35,116	141.157	4.587289	5.083649	2.839913
23-04-2026 13:35:38,320	144.361	4.606577	5.104599	2.848922
23-04-2026 13:35:41,526	147.568	4.613817	5.134207	2.846671
23-04-2026 13:35:44,831	150.872	4.629503	5.150264	2.847795
23-04-2026 13:35:48,141	154.183	4.648820	5.165091	2.848922
23-04-2026 13:35:51,447	157.488	4.662120	5.188582	2.851180
23-04-2026 13:35:54,749	160.790	4.679041	5.203432	2.851180
23-04-2026 13:35:57,958	163.999	4.689926	5.212097	2.845542
23-04-2026 13:36:01,164	167.206	4.699607	5.236861	2.847796
23-04-2026 13:36:04,471	170.513	4.721398	5.249253	2.856809
23-04-2026 13:36:07,775	173.817	4.735937	5.267861	2.854555
23-04-2026 13:36:11,080	177.121	4.752907	5.286477	2.864696
23-04-2026 13:36:14,385	180.427	4.767459	5.293922	2.869208
23-04-2026 13:36:17,587	183.628	4.784453	5.322495	2.868082
23-04-2026 13:36:20,896	186.938	4.799027	5.349858	2.873722
23-04-2026 13:36:24,201	190.243	4.818465	5.372259	2.871465
23-04-2026 13:36:27,509	193.550	4.835488	5.380977	2.878228
23-04-2026 13:36:30,813	196.854	4.846439	5.394685	2.880488
23-04-2026 13:36:34,019	200.061	4.857388	5.414633	2.878228
23-04-2026 13:36:37,219	203.261	4.880527	5.427110	2.884996
23-04-2026 13:36:40,526	206.567	4.900029	5.440837	2.886124
23-04-2026 13:36:43,830	209.872	4.909782	5.459566	2.892900
23-04-2026 13:36:47,132	213.174	4.924426	5.473316	2.900796
23-04-2026 13:36:50,436	216.478	4.943954	5.487063	2.901932
23-04-2026 13:36:53,640	219.681	4.958615	5.512087	2.906444
23-04-2026 13:36:56,851	222.893	4.974504	5.524611	2.912087
23-04-2026 13:37:00,154	226.196	4.989177	5.544655	2.915483
23-04-2026 13:37:03,466	229.508	4.995291	5.559695	2.919994
23-04-2026 13:37:06,772	232.813	5.012423	5.586037	2.924516
23-04-2026 13:37:10,077	236.118	5.019773	5.597335	2.925643
23-04-2026 13:37:13,290	239.332	5.034471	5.608638	2.929032
23-04-2026 13:37:16,483	242.524	5.049182	5.614916	2.923389
23-04-2026 13:37:19,789	245.831	5.065118	5.626224	2.930165
23-04-2026 13:37:23,091	249.133	5.078617	5.651377	2.935812
23-04-2026 13:37:26,417	252.458	5.090886	5.665218	2.944861
23-04-2026 13:37:29,707	255.749	5.103177	5.691663	2.944861
23-04-2026 13:37:32,908	258.950	5.121605	5.704265	2.945992
23-04-2026 13:37:36,113	262.155	5.142507	5.720659	2.942592
23-04-2026 13:37:39,419	265.461	5.158499	5.740841	2.944861
23-04-2026 13:37:42,726	268.768	5.169585	5.762308	2.944861
23-04-2026 13:37:46,035	272.077	5.175742	5.778734	2.951640
23-04-2026 13:37:49,342	275.383	5.192985	5.810344	2.949379
23-04-2026 13:37:52,543	278.585	5.209017	5.821741	2.948248
23-04-2026 13:37:55,747	281.788	5.221350	5.836932	2.945992
23-04-2026 13:37:59,052	285.094	5.244793	5.854674	2.949379
23-04-2026 13:38:02,358	288.400	5.263325	5.873690	2.945992
23-04-2026 13:38:05,666	291.707	5.278154	5.886378	2.945992
23-04-2026 13:38:08,968	295.010	5.292994	5.913039	2.948249
23-04-2026 13:38:12,173	298.215	5.301655	5.932093	2.943726
23-04-2026 13:38:15,379	301.421	5.316509	5.940989	2.945992
23-04-2026 13:38:18,683	304.725	5.325171	5.965157	2.943726
23-04-2026 13:38:21,988	308.029	5.331375	5.971522	2.942592
23-04-2026 13:38:25,294	311.335	5.343759	5.989348	2.940337
23-04-2026 13:38:28,598	314.640	5.356152	6.016106	2.943726
23-04-2026 13:38:31,815	317.857	5.374760	6.035237	2.945992
23-04-2026 13:38:35,008	321.050	5.387167	6.056931	2.944861
23-04-2026 13:38:38,312	324.354	5.409521	6.076086	2.936948
23-04-2026 13:38:41,622	327.664	5.428157	6.081200	2.935812
23-04-2026 13:38:44,932	330.973	5.439347	6.086317	2.942592
23-04-2026 13:38:48,236	334.278	5.456763	6.102933	2.943726
23-04-2026 13:38:51,547	337.588	5.467965	6.119558	2.944861
23-04-2026 13:38:54,755	340.797	5.476680	6.138766	2.944861
23-04-2026 13:38:57,961	344.002	5.491627	6.155416	2.944861
23-04-2026 13:39:01,263	347.304	5.504094	6.166950	2.944861
23-04-2026 13:39:04,574	350.616	5.519057	6.192600	2.953906
23-04-2026 13:39:07,878	353.919	5.535270	6.205431	2.952773
23-04-2026 13:39:11,182	357.224	5.558997	6.215706	2.966348
23-04-2026 13:39:14,383	360.424	5.577737	6.234972	2.961830
23-04-2026 13:39:17,690	363.732	5.590245	6.255545	2.969746
23-04-2026 13:39:20,997	367.039	5.606502	6.261974	2.975408
23-04-2026 13:39:24,303	370.345	5.619022	6.274838	2.984464
23-04-2026 13:39:27,605	373.647	5.630290	6.286423	2.987858
23-04-2026 13:39:30,807	376.848	5.632787	6.294149	2.982196
23-04-2026 13:39:34,015	380.056	5.649077	6.308316	2.991256
23-04-2026 13:39:37,321	383.362	5.661611	6.340550	2.985594
23-04-2026 13:39:40,625	386.666	5.669142	6.367653	2.993524
23-04-2026 13:39:43,927	389.968	5.676657	6.381860	2.986722
23-04-2026 13:39:47,231	393.272	5.695484	6.397362	2.995783
23-04-2026 13:39:50,437	396.479	5.710546	6.415464	2.987858
23-04-2026 13:39:53,744	399.786	5.723118	6.438756	2.994659
23-04-2026 13:39:57,050	403.091	5.733172	6.442650	2.987858
23-04-2026 13:40:00,352	406.394	5.753291	6.477623	2.990124
23-04-2026 13:40:03,660	409.702	5.763355	6.488000	2.984464
23-04-2026 13:40:06,865	412.907	5.773424	6.507455	2.982196
23-04-2026 13:40:10,067	416.109	5.787279	6.524330	2.986722
23-04-2026 13:40:13,374	419.416	5.789793	6.534724	2.985594
23-04-2026 13:40:16,687	422.728	5.804917	6.562016	2.985594
23-04-2026 13:40:19,991	426.033	5.822561	6.573718	2.985594
23-04-2026 13:40:23,294	429.335	5.836447	6.595844	2.984464
23-04-2026 13:40:26,498	432.539	5.856634	6.606258	2.988990
23-04-2026 13:40:29,705	435.746	5.866739	6.631020	2.983331
23-04-2026 13:40:33,010	439.052	5.881902	6.636233	2.987858
23-04-2026 13:40:36,317	442.358	5.900873	6.646664	2.993524
23-04-2026 13:40:39,618	445.659	5.923647	6.663625	3.002589
23-04-2026 13:40:42,923	448.964	5.938838	6.676682	3.005981
23-04-2026 13:40:46,125	452.167	5.948976	6.684516	2.999185
23-04-2026 13:40:49,335	455.376	5.964182	6.706734	3.001456
23-04-2026 13:40:52,645	458.687	5.974321	6.718498	3.003716
23-04-2026 13:40:55,946	461.988	5.987006	6.731576	3.013918
23-04-2026 13:40:59,252	465.294	5.999698	6.742048	3.015053
23-04-2026 13:41:02,557	468.599	6.009855	6.748583	3.008250
23-04-2026 13:41:05,759	471.800	6.022555	6.774779	3.011652
23-04-2026 13:41:08,965	475.007	6.030179	6.782646	3.016188
23-04-2026 13:41:12,272	478.313	6.050515	6.795758	3.010516
23-04-2026 13:41:15,583	481.624	6.070871	6.815433	3.017316
23-04-2026 13:41:18,891	484.933	6.079778	6.828560	3.011652
23-04-2026 13:41:22,196	488.238	6.096339	6.843007	3.015053
23-04-2026 13:41:25,499	491.541	6.109079	6.856142	3.016188
23-04-2026 13:41:28,699	494.741	6.124370	6.877173	3.022988
23-04-2026 13:41:31,906	497.948	6.134578	6.890336	3.019590
23-04-2026 13:41:35,211	501.253	6.143505	6.912706	3.025260
23-04-2026 13:41:38,514	504.556	6.153716	6.924570	3.028659
23-04-2026 13:41:41,820	507.862	6.163931	6.940380	3.038873
23-04-2026 13:41:45,121	511.163	6.183094	6.949605	3.027522
23-04-2026 13:41:48,325	514.367	6.193314	6.974673	3.022988
23-04-2026 13:41:51,632	517.673	6.209939	6.985233	3.022988
23-04-2026 13:41:54,948	520.990	6.224011	7.006368	3.020722
23-04-2026 13:41:58,249	524.290	6.243212	7.016940	3.026387
23-04-2026 13:42:01,559	527.600	6.252182	7.040736	3.032068
23-04-2026 13:42:04,856	530.898	6.261149	7.050004	3.029792
23-04-2026 13:42:08,060	534.102	6.280376	7.067209	3.030930
23-04-2026 13:42:11,373	537.414	6.294489	7.088410	3.028660
23-04-2026 13:42:14,679	540.720	6.303469	7.093708	3.030930
23-04-2026 13:42:17,982	544.023	6.309889	7.117579	3.036602
23-04-2026 13:42:21,288	547.329	6.322733	7.132176	3.032069
23-04-2026 13:42:24,493	550.534	6.333000	7.141464	3.036601
23-04-2026 13:42:27,700	553.741	6.348426	7.158735	3.032068
23-04-2026 13:42:31,003	557.045	6.370287	7.173353	3.034335
23-04-2026 13:42:34,314	560.355	6.383157	7.186646	3.034336
23-04-2026 13:42:37,619	563.661	6.399888	7.210591	3.035460
23-04-2026 13:42:40,925	566.967	6.407624	7.219918	3.036601
23-04-2026 13:42:44,229	570.271	6.424371	7.243890	3.049084
23-04-2026 13:42:47,432	573.473	6.434687	7.270552	3.055903
23-04-2026 13:42:50,741	576.782	6.448878	7.277227	3.051359
23-04-2026 13:42:54,043	580.085	6.455333	7.289234	3.055903
23-04-2026 13:42:57,351	583.393	6.469529	7.301256	3.061574
23-04-2026 13:43:00,530	586.571	6.474694	7.318616	3.058161
23-04-2026 13:43:03,366	589.408	6.485027	7.323966	3.059298
23-04-2026 13:43:06,372	592.414	6.492781	7.337325	3.064983
23-04-2026 13:43:09,674	595.715	6.499240	7.357393	3.060438
23-04-2026 13:43:12,983	599.024	6.506998	7.372116	3.058161
23-04-2026 13:43:16,289	602.330	6.496657	7.335990	3.070661
23-04-2026 13:43:19,592	605.633	6.506999	7.338671	3.134361
23-04-2026 13:43:22,902	608.944	6.523814	7.360071	3.239332
23-04-2026 13:43:26,205	612.246	6.566538	7.409624	3.359649
23-04-2026 13:43:29,408	615.450	6.598953	7.452558	3.492047
23-04-2026 13:43:32,616	618.657	6.646988	7.504962	3.630904
23-04-2026 13:43:35,920	621.962	6.700321	7.554789	3.792661
23-04-2026 13:43:39,229	625.270	6.755059	7.628994	3.954225
23-04-2026 13:43:42,536	628.577	6.804674	7.697983	4.106133
23-04-2026 13:43:45,839	631.881	6.867479	7.761710	4.273169
23-04-2026 13:43:49,160	635.202	6.930422	7.839196	4.441243
23-04-2026 13:43:52,345	638.387	6.985618	7.912803	4.607965
23-04-2026 13:43:55,551	641.593	7.043560	7.986598	4.780567
23-04-2026 13:43:58,859	644.901	7.104265	8.070186	4.946964
23-04-2026 13:44:02,165	648.206	7.175696	8.143027	5.105815
23-04-2026 13:44:05,471	651.513	7.241995	8.239509	5.281630
23-04-2026 13:44:08,774	654.816	7.312448	8.322478	5.449891
23-04-2026 13:44:11,977	658.019	7.384416	8.414021	5.622957
23-04-2026 13:44:15,183	661.225	7.459248	8.491921	5.788319
23-04-2026 13:44:18,490	664.531	7.524885	8.586814	5.953423
23-04-2026 13:44:21,791	667.833	7.594712	8.669398	6.116994
23-04-2026 13:44:25,101	671.143	7.664720	8.755041	6.285373
23-04-2026 13:44:28,404	674.446	7.734900	8.850814	6.454797
23-04-2026 13:44:31,604	677.645	7.802544	8.946916	6.621371
23-04-2026 13:44:34,811	680.852	7.873066	9.036234	6.790272
23-04-2026 13:44:38,117	684.158	7.950581	9.148640	6.958898
23-04-2026 13:44:41,422	687.464	8.026930	9.237164	7.120627
23-04-2026 13:44:44,732	690.774	8.103500	9.343184	7.281989
23-04-2026 13:44:48,039	694.080	8.178904	9.438069	7.449630
23-04-2026 13:44:51,347	697.389	8.269656	9.533277	7.611571
23-04-2026 13:44:54,547	700.588	8.342737	9.630256	7.778500
23-04-2026 13:44:57,858	703.900	8.428474	9.723185	7.945078
23-04-2026 13:45:01,165	707.206	8.504757	9.829560	8.112648
23-04-2026 13:45:04,468	710.509	8.584023	9.936328	8.272978
23-04-2026 13:45:07,772	713.813	8.669106	10.043488	8.443898
23-04-2026 13:45:10,978	717.019	8.750235	10.145140	8.608903
23-04-2026 13:45:14,183	720.225	8.830194	10.247169	8.773485
23-04-2026 13:45:17,490	723.532	8.914602	10.364413	8.941845
23-04-2026 13:45:20,799	726.840	8.995033	10.470193	9.111200
23-04-2026 13:45:24,100	730.142	9.071431	10.574856	9.263062
23-04-2026 13:45:27,409	733.451	9.155137	10.691929	9.435784
23-04-2026 13:45:30,613	736.655	9.246226	10.798908	9.595141
23-04-2026 13:45:33,817	739.859	9.327594	10.906285	9.762640
23-04-2026 13:45:37,128	743.169	9.417789	11.011010	9.939858
23-04-2026 13:45:40,436	746.478	9.508275	11.114582	10.110850
23-04-2026 13:45:43,738	749.780	9.586066	11.227723	10.284339
23-04-2026 13:45:47,042	753.083	9.681429	11.342828	10.432175
23-04-2026 13:45:50,245	756.286	9.771301	11.459934	10.604629
23-04-2026 13:45:53,447	759.488	9.857085	11.574404	10.772103
23-04-2026 13:45:56,757	762.798	9.940206	11.687776	10.936028
23-04-2026 13:46:00,064	766.106	10.025036	11.796888	11.111503
23-04-2026 13:46:03,369	769.411	10.129215	11.925225	11.277342
23-04-2026 13:46:06,672	772.714	10.223438	12.043101	11.437996
23-04-2026 13:46:09,876	775.917	10.315026	12.158276	11.596453
23-04-2026 13:46:13,181	779.222	10.414319	12.265975	11.761975
23-04-2026 13:46:16,488	782.530	10.502037	12.388383	11.933111
23-04-2026 13:46:19,793	785.834	10.600479	12.514513	12.105236
23-04-2026 13:46:23,092	789.134	10.693260	12.618691	12.276803
23-04-2026 13:46:26,298	792.339	10.792355	12.742566	12.435073
23-04-2026 13:46:29,503	795.545	10.879711	12.860486	12.597385
23-04-2026 13:46:32,806	798.848	10.979445	12.982119	12.758986
23-04-2026 13:46:36,118	802.160	11.079516	13.104251	12.935992
23-04-2026 13:46:39,423	805.465	11.178422	13.238354	13.110790
23-04-2026 13:46:42,728	808.769	11.276114	13.346723	13.286624
23-04-2026 13:46:45,933	811.975	11.371068	13.473644	13.452000
23-04-2026 13:46:49,140	815.181	11.466341	13.586179	13.616637
23-04-2026 13:46:52,446	818.487	11.551107	13.707461	13.780506
23-04-2026 13:46:55,753	821.794	11.643860	13.825879	13.955300
23-04-2026 13:46:59,061	825.102	11.749343	13.946436	14.119337
23-04-2026 13:47:02,367	828.408	11.852090	14.069175	14.291023
23-04-2026 13:47:05,569	831.610	11.941098	14.202543	14.458597
23-04-2026 13:47:08,775	834.817	12.038227	14.321212	14.623678
23-04-2026 13:47:12,075	838.117	12.151425	14.436934	14.793090
23-04-2026 13:47:15,388	841.429	12.250825	14.559942	14.956532
23-04-2026 13:47:18,691	844.732	12.347399	14.693756	15.126056
23-04-2026 13:47:21,993	848.035	12.461780	14.829886	15.306993
23-04-2026 13:47:25,195	851.236	12.552658	14.949284	15.467936
23-04-2026 13:47:28,403	854.444	12.651814	15.076103	15.620904
23-04-2026 13:47:31,711	857.752	12.748067	15.215687	15.790589
23-04-2026 13:47:35,019	861.061	12.862396	15.350627	15.964760
23-04-2026 13:47:38,327	864.369	12.956119	15.480871	16.132730
23-04-2026 13:47:41,628	867.669	13.067999	15.618749	16.294422
23-04-2026 13:47:44,830	870.871	13.178653	15.755470	16.460566
23-04-2026 13:47:48,035	874.076	13.281549	15.880273	16.638523
23-04-2026 13:47:51,343	877.385	13.394633	16.010967	16.817495
23-04-2026 13:47:54,645	880.687	13.506513	16.151215	16.991962
23-04-2026 13:47:57,957	883.999	13.623763	16.295710	17.172947
23-04-2026 13:48:01,277	887.319	13.719889	16.431791	17.332638
23-04-2026 13:48:04,466	890.507	13.826304	16.550194	17.511852
23-04-2026 13:48:07,669	893.711	13.936446	16.702049	17.688301
23-04-2026 13:48:10,882	896.924	14.036923	16.839897	17.854385
23-04-2026 13:48:14,186	900.228	14.149521	16.969101	18.042271
23-04-2026 13:48:17,494	903.536	14.259142	17.098825	18.212120
23-04-2026 13:48:20,797	906.839	14.365774	17.230963	18.384792
23-04-2026 13:48:24,102	910.143	14.477895	17.367380	18.562263
23-04-2026 13:48:27,303	913.345	14.583590	17.493114	18.738779
23-04-2026 13:48:30,510	916.552	14.686226	17.626896	18.916258
23-04-2026 13:48:33,812	919.854	14.802958	17.765030	19.106512
23-04-2026 13:48:37,121	923.162	14.913233	17.896137	19.288004
23-04-2026 13:48:40,428	926.470	15.016977	18.031614	19.462545
23-04-2026 13:48:43,730	929.771	15.124551	18.179193	19.622034
23-04-2026 13:48:46,935	932.977	15.239470	18.317799	19.792351
23-04-2026 13:48:50,136	936.178	15.346071	18.449257	19.975666
23-04-2026 13:48:53,446	939.487	15.465332	18.594864	20.149858
23-04-2026 13:48:56,754	942.795	15.572723	18.735264	20.318846
23-04-2026 13:49:00,056	946.097	15.687558	18.870388	20.509237
23-04-2026 13:49:03,359	949.400	15.799266	19.013966	20.692467
23-04-2026 13:49:06,563	952.605	15.904250	19.156200	20.853874
23-04-2026 13:49:09,766	955.808	16.014950	19.291101	21.013988
23-04-2026 13:49:12,977	959.018	16.124243	19.420565	21.208403
23-04-2026 13:49:16,286	962.328	16.246536	19.578621	21.399738
23-04-2026 13:49:19,588	965.630	16.365696	19.701178	21.570972
23-04-2026 13:49:22,892	968.934	16.483490	19.846436	21.751600
23-04-2026 13:49:26,198	972.240	16.588972	19.992332	21.931049
23-04-2026 13:49:29,405	975.447	16.698467	20.147038	22.105022
23-04-2026 13:49:32,605	978.647	16.808346	20.286070	22.290691
23-04-2026 13:49:35,911	981.953	16.918600	20.429811	22.475218
23-04-2026 13:49:39,223	985.264	17.038490	20.567970	22.660738
23-04-2026 13:49:42,526	988.567	17.149548	20.715014	22.847279
23-04-2026 13:49:45,834	991.876	17.270317	20.866867	23.025995
23-04-2026 13:49:49,138	995.180	17.370991	21.002674	23.223434
23-04-2026 13:49:52,344	998.385	17.492611	21.153742	23.401878
23-04-2026 13:49:55,550	1001.592	17.601515	21.294949	23.570015
23-04-2026 13:49:58,857	1004.899	17.718346	21.430374	23.781914
23-04-2026 13:50:02,164	1008.205	17.839397	21.589775	23.972372
23-04-2026 13:50:05,465	1011.507	17.959002	21.747795	24.143291
23-04-2026 13:50:08,770	1014.812	18.069515	21.897963	24.335752
23-04-2026 13:50:11,976	1018.017	18.199566	22.046629	24.524632
23-04-2026 13:50:15,177	1021.219	18.305134	22.182940	24.705267
23-04-2026 13:50:18,383	1024.425	18.430359	22.315451	24.886822
23-04-2026 13:50:21,690	1027.732	18.546364	22.455032	25.062292
23-04-2026 13:50:24,997	1031.039	18.666689	22.601768	25.255133
23-04-2026 13:50:28,302	1034.343	18.789419	22.768988	25.441929
23-04-2026 13:50:31,602	1037.643	18.893032	22.919304	25.634460
23-04-2026 13:50:34,809	1040.850	19.028406	23.045795	25.818476
23-04-2026 13:50:38,017	1044.058	19.142651	23.210735	25.998619
23-04-2026 13:50:41,325	1047.366	19.253325	23.365219	26.174841
23-04-2026 13:50:44,624	1050.666	19.380283	23.511398	26.364096
23-04-2026 13:50:47,931	1053.972	19.515709	23.669519	26.559235
23-04-2026 13:50:51,237	1057.278	19.641687	23.826077	26.745613
23-04-2026 13:50:54,442	1060.484	19.758087	23.967361	26.930473
23-04-2026 13:50:57,649	1063.690	19.868851	24.116093	27.118767
23-04-2026 13:51:00,954	1066.995	19.996189	24.270082	27.315556
23-04-2026 13:51:04,267	1070.309	20.119965	24.410864	27.513393
23-04-2026 13:51:07,569	1073.610	20.242144	24.568464	27.722410
23-04-2026 13:51:10,877	1076.919	20.370934	24.743113	27.922478
23-04-2026 13:51:14,183	1080.225	20.489954	24.892834	28.103220
23-04-2026 13:51:17,382	1083.423	20.625889	25.043209	28.307936
23-04-2026 13:51:20,690	1086.732	20.743752	25.198936	28.506062
23-04-2026 13:51:23,990	1090.031	20.882826	25.352989	28.697468
23-04-2026 13:51:27,302	1093.344	20.997425	25.502937	28.900297
23-04-2026 13:51:30,605	1096.647	21.124987	25.653519	29.125225
23-04-2026 13:51:33,809	1099.851	21.250929	25.799923	29.306665
23-04-2026 13:51:37,011	1103.052	21.375240	25.961426	29.502239
23-04-2026 13:51:40,219	1106.261	21.502131	26.121248	29.685535
23-04-2026 13:51:43,526	1109.568	21.629507	26.279331	29.869728
23-04-2026 13:51:46,836	1112.878	21.757359	26.425877	30.068254
23-04-2026 13:51:50,136	1116.177	21.889984	26.580397	30.270548
23-04-2026 13:51:53,443	1119.484	22.025291	26.750395	30.495687
23-04-2026 13:51:56,646	1122.687	22.150326	26.886456	30.675674
23-04-2026 13:51:59,851	1125.892	22.260664	27.060400	30.856506
23-04-2026 13:52:03,158	1129.200	22.399632	27.190136	31.060289
23-04-2026 13:52:06,467	1132.509	22.530420	27.342937	31.245731
23-04-2026 13:52:09,774	1135.816	22.666101	27.483776	31.434862
23-04-2026 13:52:13,075	1139.117	22.806749	27.640339	31.638943
23-04-2026 13:52:16,279	1142.321	22.932478	27.787399	31.830021
23-04-2026 13:52:19,482	1145.524	23.065332	27.960579	32.002232
23-04-2026 13:52:22,782	1148.824	23.203156	28.106371	32.206486
23-04-2026 13:52:26,093	1152.135	23.343756	28.265619	32.397537
23-04-2026 13:52:29,393	1155.434	23.471485	28.415201	32.612495
23-04-2026 13:52:32,699	1158.740	23.586161	28.562807	32.799770
23-04-2026 13:52:35,899	1161.941	23.701216	28.724039	32.982136
23-04-2026 13:52:39,108	1165.150	23.859756	28.883339	33.174095
23-04-2026 13:52:42,416	1168.458	23.980286	29.045956	33.387520
23-04-2026 13:52:45,721	1171.762	24.108088	29.193443	33.552010
23-04-2026 13:52:49,031	1175.072	24.243250	29.373325	33.743820
23-04-2026 13:52:52,337	1178.379	24.362803	29.530111	33.963322
23-04-2026 13:52:55,641	1181.682	24.494331	29.719641	34.163097
23-04-2026 13:52:58,841	1184.883	24.621700	29.899380	34.348850
23-04-2026 13:53:02,051	1188.093	24.749538	30.044847	34.586823
23-04-2026 13:53:05,352	1191.393	24.863832	30.207169	34.762432
23-04-2026 13:53:08,657	1194.699	24.992567	30.375618	34.978443
23-04-2026 13:53:11,968	1198.010	25.121765	30.542093	35.195633
23-04-2026 13:53:15,274	1201.316	25.258507	30.709280	35.398563
23-04-2026 13:53:18,574	1204.615	25.383947	30.857904	35.590134
23-04-2026 13:53:21,779	1207.820	25.516962	31.015421	35.776394
23-04-2026 13:53:24,982	1211.024	25.643307	31.184702	35.979118
23-04-2026 13:53:28,288	1214.329	25.782097	31.346371	36.179729
23-04-2026 13:53:31,593	1217.635	25.899757	31.505888	36.371861
23-04-2026 13:53:34,902	1220.944	26.044386	31.668900	36.564880
23-04-2026 13:53:38,204	1224.246	26.167770	31.841085	36.781139
23-04-2026 13:53:41,409	1227.451	26.298876	31.985626	36.982498
23-04-2026 13:53:44,613	1230.655	26.447561	32.162083	37.165535
23-04-2026 13:53:47,822	1233.864	26.569878	32.307827	37.359081
23-04-2026 13:53:51,133	1237.174	26.717222	32.451252	37.582779
23-04-2026 13:53:54,438	1240.479	26.847881	32.644264	37.778271
23-04-2026 13:53:57,744	1243.785	27.003807	32.797619	37.994373
23-04-2026 13:54:01,045	1247.087	27.128035	32.966133	38.208309
23-04-2026 13:54:04,247	1250.288	27.267675	33.109058	38.403431
23-04-2026 13:54:07,453	1253.494	27.382786	33.296524	38.616127
23-04-2026 13:54:10,665	1256.707	27.525927	33.452438	38.833229
23-04-2026 13:54:13,972	1260.013	27.659521	33.620815	39.048107
23-04-2026 13:54:17,274	1263.315	27.803753	33.778042	39.253914
23-04-2026 13:54:20,580	1266.621	27.935827	33.950779	39.501530
23-04-2026 13:54:23,886	1269.928	28.055607	34.124290	39.706135
23-04-2026 13:54:27,090	1273.132	28.186037	34.298553	39.904827
23-04-2026 13:54:30,295	1276.336	28.334917	34.440323	40.097553
23-04-2026 13:54:33,600	1279.641	28.474087	34.618996	40.318890
23-04-2026 13:54:36,906	1282.948	28.600807	34.792389	40.558788
23-04-2026 13:54:40,210	1286.251	28.751368	34.972633	40.764973
23-04-2026 13:54:43,511	1289.553	28.863392	35.122944	40.961578
23-04-2026 13:54:46,718	1292.759	29.004557	35.313938	41.190926
23-04-2026 13:54:49,920	1295.961	29.140997	35.505833	41.357483
23-04-2026 13:54:53,223	1299.265	29.275299	35.655037	41.563927
23-04-2026 13:54:56,530	1302.572	29.410076	35.832901	41.764160
23-04-2026 13:54:59,832	1305.874	29.545355	36.011547	41.997749
23-04-2026 13:55:03,139	1309.181	29.675774	36.191006	42.199970
23-04-2026 13:55:06,343	1312.385	29.814686	36.352215	42.395855
23-04-2026 13:55:09,546	1315.588	29.943365	36.507710	42.603573
23-04-2026 13:55:12,856	1318.898	30.115622	36.695721	42.808598
23-04-2026 13:55:16,159	1322.201	30.253460	36.858932	43.047752
23-04-2026 13:55:19,466	1325.507	30.389076	37.025997	43.262238
23-04-2026 13:55:22,767	1328.808	30.560642	37.190510	43.492657
23-04-2026 13:55:25,973	1332.014	30.689144	37.355682	43.728012
23-04-2026 13:55:29,174	1335.216	30.804352	37.534546	43.900631
23-04-2026 13:55:32,475	1338.517	30.941942	37.710903	44.126797
23-04-2026 13:55:35,786	1341.828	31.074507	37.891296	44.354095
23-04-2026 13:55:39,087	1345.128	31.221415	38.059254	44.529118
23-04-2026 13:55:42,391	1348.432	31.360516	38.204716	44.746941
23-04-2026 13:55:45,594	1351.636	31.502924	38.400543	44.969658
23-04-2026 13:55:48,796	1354.838	31.637436	38.550507	45.193459
23-04-2026 13:55:52,108	1358.150	31.786505	38.741249	45.387287
23-04-2026 13:55:55,413	1361.455	31.944651	38.926117	45.593616
23-04-2026 13:55:58,717	1364.758	32.077858	39.111790	45.800884
23-04-2026 13:56:02,024	1368.066	32.202999	39.281265	46.040607
23-04-2026 13:56:05,325	1371.366	32.351395	39.461666	46.245918
23-04-2026 13:56:08,531	1374.573	32.506119	39.622295	46.460110
23-04-2026 13:56:11,739	1377.781	32.644161	39.790386	46.651321
23-04-2026 13:56:15,043	1381.085	32.791355	39.972942	46.855358
23-04-2026 13:56:18,349	1384.391	32.927517	40.163212	47.048187
23-04-2026 13:56:21,651	1387.692	33.075775	40.329948	47.290363
23-04-2026 13:56:24,958	1390.999	33.239246	40.483360	47.489067
23-04-2026 13:56:28,265	1394.307	33.388691	40.689934	47.709015
23-04-2026 13:56:31,465	1397.507	33.515137	40.844620	47.925888
23-04-2026 13:56:34,775	1400.816	33.674507	40.996330	48.156132
23-04-2026 13:56:38,078	1404.120	33.846394	41.173401	48.362637
23-04-2026 13:56:41,387	1407.429	34.004124	41.322697	48.570042
23-04-2026 13:56:44,693	1410.735	34.138527	41.497517	48.770000
23-04-2026 13:56:47,996	1414.038	34.267387	41.662277	48.983387
23-04-2026 13:56:51,201	1417.243	34.411728	41.831261	49.201935
23-04-2026 13:56:54,402	1420.444	34.556591	42.026188	49.446854
23-04-2026 13:56:57,707	1423.748	34.705006	42.174786	49.629253
23-04-2026 13:57:01,011	1427.053	34.841797	42.356682	49.859280
23-04-2026 13:57:04,317	1430.359	34.985165	42.539310	50.073254
23-04-2026 13:57:07,617	1433.659	35.122898	42.704327	50.322632
23-04-2026 13:57:10,823	1436.864	35.261116	42.869946	50.517002
23-04-2026 13:57:14,029	1440.070	35.415245	43.039890	50.694775
23-04-2026 13:57:17,336	1443.378	35.560658	43.232777	50.973549
23-04-2026 13:57:20,639	1446.681	35.694153	43.389191	51.183674
23-04-2026 13:57:23,945	1449.986	35.849922	43.579845	51.377094
23-04-2026 13:57:27,248	1453.290	35.996902	43.763786	51.575676
23-04-2026 13:57:30,455	1456.496	36.119251	43.956028	51.792820
23-04-2026 13:57:33,658	1459.700	36.254601	44.126335	51.997551
23-04-2026 13:57:36,964	1463.006	36.396709	44.301098	52.216553
23-04-2026 13:57:40,265	1466.307	36.555191	44.510933	52.436523
23-04-2026 13:57:43,575	1469.617	36.717472	44.644962	52.666500
23-04-2026 13:57:46,875	1472.917	36.851589	44.825569	52.879368
23-04-2026 13:57:50,076	1476.117	36.998981	45.006901	53.093159
23-04-2026 13:57:53,386	1479.427	37.146904	45.169556	53.312420
23-04-2026 13:57:56,689	1482.731	37.288891	45.383415	53.569454
23-04-2026 13:57:59,996	1486.038	37.444347	45.547398	53.753834
23-04-2026 13:58:03,298	1489.339	37.587357	45.747318	53.957439
23-04-2026 13:58:06,604	1492.646	37.730843	45.932297	54.185143
23-04-2026 13:58:09,806	1495.848	37.878113	46.078465	54.376434
23-04-2026 13:58:13,014	1499.055	38.025909	46.268764	54.591942
23-04-2026 13:58:16,319	1502.361	38.184124	46.423939	54.822495
23-04-2026 13:58:19,621	1505.662	38.329681	46.619663	55.025665
23-04-2026 13:58:22,926	1508.967	38.485722	46.808170	55.291470
23-04-2026 13:58:26,232	1512.273	38.635666	46.993389	55.501251
23-04-2026 13:58:29,435	1515.476	38.796188	47.142914	55.702339
23-04-2026 13:58:32,639	1518.680	38.937141	47.321342	55.904182
23-04-2026 13:58:35,947	1521.989	39.075195	47.512684	56.145493
23-04-2026 13:58:39,250	1525.291	39.234016	47.684315	56.349056
23-04-2026 13:58:42,556	1528.598	39.400227	47.864799	56.577808
23-04-2026 13:58:45,863	1531.904	39.543205	48.037735	56.787971
23-04-2026 13:58:49,069	1535.110	39.703766	48.190590	57.038322
23-04-2026 13:58:52,270	1538.312	39.868374	48.385475	57.220692
23-04-2026 13:58:55,477	1541.519	40.002567	48.568638	57.443344
23-04-2026 13:58:58,798	1544.840	40.151035	48.727394	57.671921
23-04-2026 13:59:02,087	1548.128	40.300007	48.911873	57.896481
23-04-2026 13:59:05,390	1551.432	40.449493	49.067554	58.116951
23-04-2026 13:59:08,695	1554.736	40.589012	49.257580	58.313145
23-04-2026 13:59:11,999	1558.041	40.757030	49.444088	58.555622
23-04-2026 13:59:15,206	1561.247	40.879955	49.605770	58.748344
23-04-2026 13:59:18,514	1564.555	41.042042	49.776531	58.992805
23-04-2026 13:59:21,817	1567.858	41.183483	49.969360	59.202473
23-04-2026 13:59:25,126	1571.168	41.375156	50.154339	59.438686
23-04-2026 13:59:28,431	1574.473	41.542656	50.335697	59.634590
23-04-2026 13:59:31,635	1577.677	41.703648	50.517723	59.867531
23-04-2026 13:59:34,838	1580.880	41.843647	50.735310	60.091022
23-04-2026 13:59:38,043	1584.084	41.966061	50.892570	60.325916
23-04-2026 13:59:41,349	1587.391	42.132217	51.116222	60.514565
23-04-2026 13:59:44,652	1590.693	42.262703	51.296761	60.740726
23-04-2026 13:59:47,961	1594.003	42.440914	51.477943	60.967834
23-04-2026 13:59:51,264	1597.306	42.590565	51.690922	61.211823
23-04-2026 13:59:54,465	1600.507	42.733410	51.895889	61.440880
23-04-2026 13:59:57,667	1603.709	42.887737	52.097206	61.660172
23-04-2026 14:00:00,974	1607.015	43.038918	52.272354	61.874935
23-04-2026 14:00:04,277	1610.319	43.220272	52.479729	62.101376
23-04-2026 14:00:07,582	1613.623	43.380013	52.660740	62.334129
23-04-2026 14:00:10,891	1616.933	43.529129	52.874279	62.556973
23-04-2026 14:00:14,194	1620.235	43.674988	53.056725	62.758816
23-04-2026 14:00:17,403	1623.444	43.806301	53.258183	62.988838
23-04-2026 14:00:20,609	1626.650	43.949295	53.432827	63.170227
23-04-2026 14:00:23,915	1629.957	44.111652	53.612686	63.451729
23-04-2026 14:00:27,219	1633.261	44.274597	53.797813	63.656811
23-04-2026 14:00:30,524	1636.566	44.430508	53.951057	63.851505
23-04-2026 14:00:33,825	1639.867	44.613708	54.142090	64.080437
23-04-2026 14:00:37,030	1643.071	44.759281	54.315113	64.293434
23-04-2026 14:00:40,233	1646.275	44.882214	54.488716	64.495956
23-04-2026 14:00:43,540	1649.582	45.059525	54.639328	64.710503
23-04-2026 14:00:46,843	1652.885	45.210400	54.823486	64.937210
23-04-2026 14:00:50,150	1656.192	45.357864	54.989326	65.136330
23-04-2026 14:00:53,471	1659.512	45.537025	55.165222	65.376183
23-04-2026 14:00:56,758	1662.800	45.669895	55.322590	65.576813
23-04-2026 14:00:59,964	1666.006	45.803150	55.523598	65.778137
23-04-2026 14:01:03,163	1669.205	45.972225	55.686886	66.003288
23-04-2026 14:01:06,473	1672.514	46.118202	55.884476	66.223549
23-04-2026 14:01:09,781	1675.823	46.264648	56.087666	66.456276
23-04-2026 14:01:13,086	1679.128	46.411552	56.247856	66.695770
23-04-2026 14:01:16,396	1682.438	46.566895	56.432953	66.948021
23-04-2026 14:01:19,593	1685.634	46.694740	56.648087	67.165955
23-04-2026 14:01:22,798	1688.840	46.871109	56.800182	67.408386
23-04-2026 14:01:26,107	1692.149	46.991737	56.982307	67.616135
23-04-2026 14:01:29,414	1695.456	47.165180	57.179886	67.854454
23-04-2026 14:01:32,723	1698.765	47.339275	57.398087	68.111725
23-04-2026 14:01:36,027	1702.068	47.477386	57.622181	68.376106
23-04-2026 14:01:39,332	1705.374	47.628147	57.787117	68.593338
23-04-2026 14:01:42,531	1708.573	47.808044	57.977692	68.774956
23-04-2026 14:01:45,735	1711.777	47.955742	58.184071	68.999687
23-04-2026 14:01:49,040	1715.082	48.116283	58.360863	69.255852
23-04-2026 14:01:52,343	1718.385	48.298046	58.533180	69.525368
23-04-2026 14:01:55,650	1721.692	48.443134	58.746811	69.734467
23-04-2026 14:01:58,954	1724.996	48.613644	58.920368	69.969002
23-04-2026 14:02:02,158	1728.199	48.755497	59.104736	70.142426
23-04-2026 14:02:05,363	1731.404	48.922935	59.253735	70.390991
23-04-2026 14:02:08,571	1734.613	49.048904	59.434086	70.621857
23-04-2026 14:02:11,875	1737.917	49.225807	59.666862	70.772064
23-04-2026 14:02:15,183	1741.224	49.365261	59.879803	71.035843
23-04-2026 14:02:18,488	1744.530	49.547588	60.030941	71.313362
23-04-2026 14:02:21,793	1747.835	49.666672	60.182495	71.503326
23-04-2026 14:02:24,997	1751.038	49.850128	60.392208	71.725693
23-04-2026 14:02:28,203	1754.245	49.995682	60.534225	71.942459
23-04-2026 14:02:31,526	1757.568	50.145962	60.729450	72.102341
23-04-2026 14:02:34,821	1760.863	50.318302	60.925362	72.423363
23-04-2026 14:02:38,123	1764.165	50.443626	61.111340	72.629677
23-04-2026 14:02:41,428	1767.469	50.621342	61.281895	72.849655
23-04-2026 14:02:44,633	1770.675	50.769215	61.554855	73.044380
23-04-2026 14:02:47,836	1773.877	50.930622	61.748322	73.337616
23-04-2026 14:02:51,042	1777.083	51.057533	61.931675	73.546974
23-04-2026 14:02:54,351	1780.393	51.215519	62.093964	73.803085
23-04-2026 14:02:57,657	1783.699	51.382824	62.305637	74.000824
23-04-2026 14:03:00,963	1787.004	51.550694	62.501717	74.278671
23-04-2026 14:03:04,269	1790.310	51.736897	62.693039	74.477890
23-04-2026 14:03:07,469	1793.510	51.888172	62.830078	74.697762
23-04-2026 14:03:10,675	1796.716	52.062225	63.066612	74.904968
23-04-2026 14:03:13,982	1800.023	52.201015	63.210106	75.207008
23-04-2026 14:03:17,288	1803.330	52.362686	63.426022	75.402428
23-04-2026 14:03:20,593	1806.634	52.515846	63.642776	75.659355
23-04-2026 14:03:23,897	1809.939	52.674015	63.798912	75.903732
23-04-2026 14:03:27,102	1813.143	52.814514	63.977852	76.039917
23-04-2026 14:03:30,303	1816.345	52.991833	64.281128	76.285728
23-04-2026 14:03:33,615	1819.657	53.114956	64.433365	76.443275
23-04-2026 14:03:36,918	1822.959	53.302509	64.557724	76.663132
23-04-2026 14:03:40,223	1826.265	53.440186	64.744736	76.932083
23-04-2026 14:03:43,531	1829.573	53.628933	64.955177	77.118927
23-04-2026 14:03:46,730	1832.771	53.795246	65.120644	77.327164
23-04-2026 14:03:49,937	1835.979	53.943562	65.315239	77.570953
23-04-2026 14:03:53,245	1839.286	54.110912	65.487511	77.780624
23-04-2026 14:03:56,554	1842.596	54.236786	65.741074	78.026123
23-04-2026 14:03:59,857	1845.898	54.377007	65.885635	78.173851
23-04-2026 14:04:03,162	1849.204	54.536396	66.117699	78.371353
23-04-2026 14:04:06,368	1852.409	54.705700	66.222435	78.626167
23-04-2026 14:04:09,673	1855.715	54.861378	66.444138	78.832130
23-04-2026 14:04:12,978	1859.019	55.036499	66.631500	79.081581
23-04-2026 14:04:16,283	1862.325	55.207462	66.831245	79.339149
23-04-2026 14:04:19,586	1865.628	55.345596	67.008041	79.561722
23-04-2026 14:04:22,892	1868.934	55.488876	67.155777	79.842796
23-04-2026 14:04:26,097	1872.139	55.656532	67.351379	80.059853
23-04-2026 14:04:29,305	1875.347	55.800674	67.583359	80.321236
23-04-2026 14:04:32,509	1878.551	55.954868	67.762421	80.576317
23-04-2026 14:04:35,817	1881.858	56.104679	67.972015	80.781067
23-04-2026 14:04:39,118	1885.160	56.293758	68.044044	80.979126
23-04-2026 14:04:42,424	1888.465	56.459167	68.272743	81.251465
23-04-2026 14:04:45,729	1891.771	56.600677	68.484146	81.406586
23-04-2026 14:04:48,934	1894.976	56.781750	68.599213	81.702911
23-04-2026 14:04:52,134	1898.176	56.938854	68.830055	81.918556
23-04-2026 14:04:55,444	1901.486	57.106300	69.067886	82.134926
23-04-2026 14:04:58,749	1904.790	57.284191	69.245338	82.434471
23-04-2026 14:05:02,054	1908.096	57.427910	69.435631	82.652473
23-04-2026 14:05:05,359	1911.401	57.577007	69.706726	82.803215
23-04-2026 14:05:08,562	1914.603	57.796417	69.873688	83.022377
23-04-2026 14:05:11,772	1917.813	57.936535	70.090805	83.234650
23-04-2026 14:05:15,077	1921.119	58.142368	70.283775	83.432350
23-04-2026 14:05:18,381	1924.423	58.323746	70.464844	83.752922
23-04-2026 14:05:21,687	1927.729	58.520950	70.640160	83.898430
23-04-2026 14:05:24,989	1931.031	58.678223	70.834869	84.159569
23-04-2026 14:05:28,196	1934.238	58.841026	71.036530	84.413979
23-04-2026 14:05:31,501	1937.542	58.978790	71.251503	84.708076
23-04-2026 14:05:34,807	1940.848	59.168140	71.454514	84.917816
23-04-2026 14:05:38,112	1944.153	59.281059	71.619949	85.120369
23-04-2026 14:05:41,416	1947.458	59.466324	71.811409	85.393974
23-04-2026 14:05:44,621	1950.662	59.621201	71.984238	85.645035
23-04-2026 14:05:47,931	1953.973	59.792053	72.157532	85.873344
23-04-2026 14:05:51,238	1957.280	59.942684	72.370010	86.110336
23-04-2026 14:05:54,541	1960.582	60.119766	72.550842	86.379852
23-04-2026 14:05:57,849	1963.890	60.276524	72.706291	86.634491
23-04-2026 14:06:01,053	1967.094	60.412731	72.849106	86.873993
23-04-2026 14:06:04,258	1970.300	60.549286	73.057434	87.058189
23-04-2026 14:06:07,465	1973.507	60.701996	73.253372	87.250931
23-04-2026 14:06:10,773	1976.814	60.844547	73.449921	87.508652
23-04-2026 14:06:14,077	1980.119	61.013981	73.640503	87.710670
23-04-2026 14:06:17,380	1983.421	61.194584	73.818481	87.913254
23-04-2026 14:06:20,689	1986.730	61.349087	73.990334	88.246742
23-04-2026 14:06:23,988	1990.030	61.520096	74.229042	88.344635
23-04-2026 14:06:27,196	1993.238	61.707737	74.461998	88.573570
23-04-2026 14:06:30,400	1996.441	61.874443	74.635612	88.852547
23-04-2026 14:06:33,706	1999.748	62.057865	74.856651	89.050102
23-04-2026 14:06:37,014	2003.056	62.176880	75.011162	89.297852
23-04-2026 14:06:40,317	2006.359	62.355873	75.247002	89.480057
23-04-2026 14:06:43,620	2009.662	62.524544	75.409241	89.720940
23-04-2026 14:06:46,827	2012.868	62.688248	75.605804	89.829170
23-04-2026 14:06:50,030	2016.071	62.874374	75.768951	90.046127
23-04-2026 14:06:53,333	2019.375	63.044613	76.028107	90.305641
23-04-2026 14:06:56,638	2022.679	63.209824	76.219727	90.549240
23-04-2026 14:06:59,944	2025.985	63.397690	76.377541	90.743050
23-04-2026 14:07:03,246	2029.287	63.575054	76.584000	90.962708
23-04-2026 14:07:06,450	2032.491	63.730717	76.784187	91.166039
23-04-2026 14:07:09,652	2035.694	63.897964	76.957283	91.446602
23-04-2026 14:07:12,863	2038.905	64.048920	77.179489	91.617149
23-04-2026 14:07:16,168	2042.209	64.239555	77.346649	91.856567
23-04-2026 14:07:19,474	2045.515	64.397041	77.500252	92.053787
23-04-2026 14:07:22,782	2048.823	64.560616	77.724304	92.268776
23-04-2026 14:07:26,085	2052.127	64.718994	77.892876	92.467094
23-04-2026 14:07:29,291	2055.333	64.866447	78.061874	92.683273
23-04-2026 14:07:32,498	2058.540	65.059845	78.217178	92.952209
23-04-2026 14:07:35,808	2061.849	65.208176	78.450790	93.274445
23-04-2026 14:07:39,113	2065.155	65.368340	78.678146	93.449219
23-04-2026 14:07:42,419	2068.460	65.494499	78.899147	93.712112
23-04-2026 14:07:45,724	2071.766	65.655479	79.113708	93.914284
23-04-2026 14:07:48,932	2074.973	65.805321	79.242798	94.125847
23-04-2026 14:07:52,146	2078.188	65.967163	79.508896	94.355682
23-04-2026 14:07:55,436	2081.477	66.146866	79.674858	94.657288
23-04-2026 14:07:58,741	2084.783	66.268906	79.833977	94.817467
23-04-2026 14:08:02,051	2088.092	66.437851	80.102463	95.103020
23-04-2026 14:08:05,354	2091.395	66.601463	80.211632	95.317886
23-04-2026 14:08:08,561	2094.602	66.736183	80.386627	95.569366
23-04-2026 14:08:11,761	2097.803	66.882980	80.694023	95.830673
23-04-2026 14:08:15,070	2101.111	67.100922	80.870277	95.966148
23-04-2026 14:08:18,370	2104.412	67.254524	81.017509	96.219749
23-04-2026 14:08:21,677	2107.719	67.444176	81.268593	96.437752
23-04-2026 14:08:24,987	2111.028	67.562988	81.438972	96.619911
23-04-2026 14:08:28,288	2114.330	67.795380	81.617203	96.802513
23-04-2026 14:08:31,495	2117.536	67.962807	81.758621	97.086357
23-04-2026 14:08:34,702	2120.743	68.166763	81.967583	97.260826
23-04-2026 14:08:38,006	2124.048	68.323174	82.222191	97.518707
23-04-2026 14:08:41,313	2127.355	68.492073	82.349854	97.721893
23-04-2026 14:08:44,619	2130.661	68.661461	82.590790	97.990585
23-04-2026 14:08:47,926	2133.967	68.813118	82.809860	98.306709
23-04-2026 14:08:51,129	2137.170	69.044365	83.052467	98.455940
23-04-2026 14:08:54,335	2140.376	69.141998	83.196899	98.699051
23-04-2026 14:08:57,642	2143.683	69.386757	83.410309	98.867790
23-04-2026 14:09:00,947	2146.988	69.552559	83.647339	99.187492
23-04-2026 14:09:04,251	2150.293	69.731148	83.823746	99.395050
23-04-2026 14:09:07,558	2153.600	69.885506	83.992874	99.650520
23-04-2026 14:09:10,866	2156.908	70.034073	84.170151	99.897308
23-04-2026 14:09:14,070	2160.112	70.207855	84.340141	100.087662
23-04-2026 14:09:17,373	2163.415	70.382149	84.549339	100.354935
23-04-2026 14:09:20,684	2166.726	70.550697	84.704689	100.469795
23-04-2026 14:09:23,986	2170.028	70.707161	84.883789	100.786354
23-04-2026 14:09:27,294	2173.336	70.838898	85.047707	101.007790
23-04-2026 14:09:30,497	2176.539	71.052803	85.204201	101.384613
23-04-2026 14:09:33,701	2179.743	71.223213	85.408119	101.471825
23-04-2026 14:09:37,003	2183.044	71.356064	85.628403	101.743767
23-04-2026 14:09:40,312	2186.354	71.527306	85.794075	101.958046
23-04-2026 14:09:43,620	2189.661	71.686310	85.999748	102.241402
23-04-2026 14:09:46,923	2192.965	71.820160	86.237793	102.486458
23-04-2026 14:09:50,226	2196.268	71.967117	86.436760	102.712585
23-04-2026 14:09:53,530	2199.571	72.140076	86.604347	102.899864
23-04-2026 14:09:56,835	2202.876	72.300629	86.804359	103.097427
23-04-2026 14:10:00,147	2206.188	72.474525	86.972794	103.335159
23-04-2026 14:10:03,449	2209.491	72.597191	87.246376	103.713020
23-04-2026 14:10:06,751	2212.793	72.778358	87.415863	103.862671
23-04-2026 14:10:10,054	2216.095	72.940613	87.601974	104.102608
23-04-2026 14:10:13,358	2219.400	73.109779	87.796677	104.363396
23-04-2026 14:10:16,567	2222.609	73.266327	88.024475	104.614876
23-04-2026 14:10:19,870	2225.912	73.456039	88.212166	104.836823
23-04-2026 14:10:23,177	2229.218	73.593750	88.433113	105.110054
23-04-2026 14:10:26,492	2232.534	73.797623	88.654732	105.353699
23-04-2026 14:10:29,794	2235.836	73.949310	88.852318	105.506287
23-04-2026 14:10:33,101	2239.143	74.141098	89.000816	105.781754
23-04-2026 14:10:36,304	2242.346	74.306877	89.265625	105.945396
23-04-2026 14:10:39,511	2245.553	74.506393	89.514771	106.242813
23-04-2026 14:10:42,819	2248.860	74.653107	89.598007	106.417664
23-04-2026 14:10:46,117	2252.159	74.813553	89.881721	106.654831
23-04-2026 14:10:49,428	2255.470	74.981110	90.099426	106.768478
23-04-2026 14:10:52,731	2258.773	75.176041	90.342987	107.089584
23-04-2026 14:10:55,936	2261.978	75.317566	90.528328	107.349464
23-04-2026 14:10:59,138	2265.180	75.527069	90.739502	107.474457
23-04-2026 14:11:02,347	2268.389	75.649010	90.942764	107.693703
23-04-2026 14:11:05,649	2271.690	75.818771	91.121101	107.861122
23-04-2026 14:11:08,956	2274.997	75.995796	91.308395	108.154900
23-04-2026 14:11:12,260	2278.302	76.187012	91.538902	108.270561
23-04-2026 14:11:15,563	2281.605	76.351349	91.641586	108.407486
23-04-2026 14:11:18,768	2284.810	76.481735	91.933289	108.682014
23-04-2026 14:11:21,969	2288.011	76.722656	92.105415	108.936172
23-04-2026 14:11:25,279	2291.320	76.798546	92.312477	109.159233
23-04-2026 14:11:28,582	2294.623	76.978271	92.442207	109.329529
23-04-2026 14:11:31,882	2297.924	77.144638	92.641525	109.521538
23-04-2026 14:11:35,188	2301.230	77.332291	92.858772	109.746086
23-04-2026 14:11:38,393	2304.435	77.436798	92.928436	109.939049
23-04-2026 14:11:41,599	2307.641	77.632294	93.137787	110.229271
23-04-2026 14:11:44,906	2310.948	77.786308	93.286453	110.390953
23-04-2026 14:11:48,214	2314.255	77.975822	93.531891	110.758461
23-04-2026 14:11:51,519	2317.561	78.151794	93.716553	110.953697
23-04-2026 14:11:54,820	2320.862	78.342377	93.910446	111.116722
23-04-2026 14:11:58,123	2324.165	78.483910	94.157967	111.312752
23-04-2026 14:12:01,329	2327.370	78.668335	94.219971	111.618553
23-04-2026 14:12:04,631	2330.672	78.817696	94.512924	111.859573
23-04-2026 14:12:07,940	2333.982	78.938835	94.753502	112.145302
23-04-2026 14:12:11,241	2337.282	79.074501	94.914299	112.354683
23-04-2026 14:12:14,546	2340.587	79.296440	95.147156	112.597748
23-04-2026 14:12:17,748	2343.789	79.468773	95.344742	112.741692
23-04-2026 14:12:20,953	2346.995	79.684822	95.551857	112.930260
23-04-2026 14:12:24,161	2350.203	79.865395	95.904343	113.197189
23-04-2026 14:12:27,466	2353.508	80.075478	96.013115	113.565582
23-04-2026 14:12:30,767	2356.809	80.213501	96.194756	113.699898
23-04-2026 14:12:34,072	2360.113	80.359055	96.486267	113.834450
23-04-2026 14:12:37,376	2363.418	80.519569	96.641563	114.014114
23-04-2026 14:12:40,578	2366.620	80.709724	96.833870	114.273087
23-04-2026 14:12:43,782	2369.824	80.915108	97.008263	114.363342
23-04-2026 14:12:46,990	2373.032	81.047493	97.192230	114.668571
23-04-2026 14:12:50,301	2376.343	81.261307	97.413589	115.020378
23-04-2026 14:12:53,603	2379.645	81.379570	97.617050	115.156921
23-04-2026 14:12:56,909	2382.950	81.512863	97.774628	115.499146
23-04-2026 14:13:00,212	2386.253	81.690964	97.932571	115.636452
23-04-2026 14:13:03,416	2389.458	81.847237	98.193329	115.739548
23-04-2026 14:13:06,621	2392.663	82.048637	98.286659	116.107033
23-04-2026 14:13:09,929	2395.970	82.183243	98.529884	116.233727
23-04-2026 14:13:13,229	2399.270	82.280632	98.651772	116.545410
23-04-2026 14:13:16,533	2402.575	82.468277	98.792641	116.788559
23-04-2026 14:13:19,842	2405.883	82.581116	98.999733	117.032387
23-04-2026 14:13:23,048	2409.089	82.769623	99.264053	117.253563
23-04-2026 14:13:26,251	2412.292	82.973778	99.415482	117.592163
23-04-2026 14:13:29,553	2415.595	83.148148	99.557739	117.849892
23-04-2026 14:13:32,859	2418.901	83.322975	99.804901	118.061317
23-04-2026 14:13:36,164	2422.206	83.482979	99.938309	118.296761
23-04-2026 14:13:39,472	2425.514	83.651016	100.215355	118.461945
23-04-2026 14:13:42,678	2428.719	83.842453	100.454941	118.615578
23-04-2026 14:13:45,879	2431.921	83.972954	100.618324	118.828751
23-04-2026 14:13:49,188	2435.230	84.172981	100.724167	119.089989
23-04-2026 14:13:52,489	2438.531	84.373596	100.955666	119.316147
23-04-2026 14:13:55,796	2441.837	84.551544	101.178108	119.483170
23-04-2026 14:13:59,097	2445.139	84.737709	101.401176	119.782204
23-04-2026 14:14:02,305	2448.347	84.901024	101.576233	120.034134
23-04-2026 14:14:05,508	2451.549	85.111557	101.800385	120.262611
23-04-2026 14:14:08,811	2454.853	85.213135	102.044754	120.455498
23-04-2026 14:14:12,120	2458.162	85.401108	102.231018	120.612480
23-04-2026 14:14:15,427	2461.468	85.589539	102.329170	120.781837
23-04-2026 14:14:18,735	2464.776	85.786377	102.644165	121.072929
23-04-2026 14:14:22,036	2468.078	85.920547	102.762604	121.230957
23-04-2026 14:14:25,237	2471.279	86.070763	102.970314	121.486832
23-04-2026 14:14:28,443	2474.485	86.181679	103.069359	121.645576
23-04-2026 14:14:31,748	2477.789	86.356346	103.377289	121.902580
23-04-2026 14:14:35,052	2481.094	86.515488	103.616447	122.197144
23-04-2026 14:14:38,355	2484.397	86.682961	103.786308	122.467941
23-04-2026 14:14:41,663	2487.704	86.882858	103.986572	122.677773
23-04-2026 14:14:44,865	2490.907	87.051224	104.197388	122.850906
23-04-2026 14:14:48,069	2494.110	87.211922	104.287903	123.198143
23-04-2026 14:14:51,377	2497.419	87.324638	104.560020	123.272713
23-04-2026 14:14:54,681	2500.722	87.550591	104.752052	123.571602
23-04-2026 14:14:57,985	2504.026	87.696213	104.883698	123.708885
23-04-2026 14:15:01,291	2507.332	87.915199	105.015549	124.046730
23-04-2026 14:15:04,497	2510.539	88.037201	105.259537	124.272621
23-04-2026 14:15:07,696	2513.738	88.257233	105.442986	124.549408
23-04-2026 14:15:10,918	2516.959	88.396095	105.545082	124.713402
23-04-2026 14:15:14,078	2520.120	88.502495	105.790649	124.890259
23-04-2026 14:15:16,909	2522.951	88.666496	105.852135	125.054802
23-04-2026 14:15:19,914	2525.956	88.855530	106.078011	125.397408
23-04-2026 14:15:23,213	2529.255	89.061577	106.294205	125.473694
23-04-2026 14:15:26,525	2532.566	89.210281	106.449005	125.741264
23-04-2026 14:15:29,831	2535.873	89.433937	106.707542	126.047920
23-04-2026 14:15:33,034	2539.076	89.591736	106.800819	126.278564
23-04-2026 14:15:36,244	2542.286	89.716537	107.081268	126.496895
23-04-2026 14:15:39,550	2545.592	89.833237	107.289619	126.664185
23-04-2026 14:15:42,854	2548.895	90.033691	107.394012	126.857559
23-04-2026 14:15:46,158	2552.200	90.192780	107.571732	127.077217
23-04-2026 14:15:49,462	2555.503	90.436279	107.823265	127.336243
23-04-2026 14:15:52,669	2558.711	90.596245	108.012405	127.479019
23-04-2026 14:15:55,975	2562.016	90.807259	108.328568	127.713066
23-04-2026 14:15:59,282	2565.323	90.951103	108.518875	127.999924
23-04-2026 14:16:02,586	2568.627	91.180130	108.773216	128.195953
23-04-2026 14:16:05,888	2571.929	91.367233	108.921944	128.326874
23-04-2026 14:16:09,093	2575.135	91.495117	109.188164	128.523575
23-04-2026 14:16:12,293	2578.335	91.640266	109.273514	128.786453
23-04-2026 14:16:15,598	2581.640	91.785744	109.476616	128.786453
23-04-2026 14:16:18,909	2584.951	91.922928	109.637291	129.168869
23-04-2026 14:16:22,212	2588.254	92.111946	109.905754	129.301086
23-04-2026 14:16:25,518	2591.560	92.266953	110.131920	129.526276
23-04-2026 14:16:28,722	2594.764	92.448166	110.250595	129.712082
23-04-2026 14:16:31,925	2597.966	92.647209	110.466835	130.058121
23-04-2026 14:16:35,124	2601.165	92.811989	110.629341	130.084763
23-04-2026 14:16:38,432	2604.474	92.933655	110.824799	130.458832
23-04-2026 14:16:41,738	2607.780	93.107826	111.086060	130.794052
23-04-2026 14:16:45,045	2611.086	93.308601	111.315292	131.049530
23-04-2026 14:16:48,348	2614.389	93.439827	111.370003	131.184296
23-04-2026 14:16:51,550	2617.591	93.632690	111.632904	131.427246
23-04-2026 14:16:54,758	2620.800	93.702972	111.797630	131.643753
23-04-2026 14:16:58,064	2624.106	93.852501	111.962662	131.982925
23-04-2026 14:17:01,366	2627.408	94.090561	112.227348	132.078110
23-04-2026 14:17:04,673	2630.714	94.249718	112.382141	132.336884
23-04-2026 14:17:07,979	2634.020	94.533470	112.614815	132.664719
23-04-2026 14:17:11,181	2637.223	94.684639	112.781403	132.760559
23-04-2026 14:17:14,386	2640.428	94.889618	113.070892	133.007355
23-04-2026 14:17:17,595	2643.637	95.059387	113.215996	133.296097
23-04-2026 14:17:20,902	2646.943	95.238510	113.394905	133.599426
23-04-2026 14:17:24,208	2650.250	95.364128	113.551765	133.806763
23-04-2026 14:17:27,514	2653.556	95.489952	113.821281	133.972931
23-04-2026 14:17:30,816	2656.858	95.652016	114.102875	134.069992
23-04-2026 14:17:34,019	2660.061	95.814423	114.215782	134.459152
23-04-2026 14:17:37,220	2663.261	95.913902	114.374115	134.598511
23-04-2026 14:17:40,524	2666.565	96.104050	114.668831	134.835815
23-04-2026 14:17:43,833	2669.874	96.303787	114.702904	135.045685
23-04-2026 14:17:47,134	2673.176	96.504044	114.964546	135.213867
23-04-2026 14:17:50,438	2676.480	96.659142	115.215515	135.466705
23-04-2026 14:17:53,741	2679.782	96.805382	115.352707	135.649673
23-04-2026 14:17:56,944	2682.985	96.887802	115.593330	135.818878
23-04-2026 14:18:00,152	2686.193	97.071190	115.685127	135.931793
23-04-2026 14:18:03,456	2689.498	97.227440	115.938126	136.441574
23-04-2026 14:18:06,762	2692.804	97.430077	116.053375	136.470001
23-04-2026 14:18:10,065	2696.106	97.503883	116.330521	136.626266
23-04-2026 14:18:13,371	2699.412	97.707298	116.411545	136.996689
23-04-2026 14:18:16,574	2702.616	97.892624	116.794373	137.253891
23-04-2026 14:18:19,775	2705.816	98.050491	117.097168	137.540421
23-04-2026 14:18:22,984	2709.025	98.292603	117.248924	137.712708
23-04-2026 14:18:26,292	2712.333	98.441940	117.365852	137.899689
23-04-2026 14:18:29,470	2715.512	98.685257	117.541473	138.130249
23-04-2026 14:18:32,308	2718.350	98.807182	117.670517	138.419205
23-04-2026 14:18:35,316	2721.358	98.976326	117.940910	138.607452
23-04-2026 14:18:38,518	2724.560	99.155258	118.129448	138.926758
23-04-2026 14:18:41,723	2727.765	99.344017	118.259300	139.072250
23-04-2026 14:18:45,026	2731.068	99.533279	118.472221	139.407593
23-04-2026 14:18:48,335	2734.376	99.666016	118.626289	139.641479
23-04-2026 14:18:51,637	2737.678	99.817970	118.863815	139.890549
23-04-2026 14:18:54,941	2740.982	100.036934	119.090073	140.140228
23-04-2026 14:18:58,145	2744.187	100.151405	119.304878	140.052017
23-04-2026 14:19:01,353	2747.395	100.380859	119.352669	140.257919
23-04-2026 14:19:04,656	2750.698	100.563004	119.580093	140.582275
23-04-2026 14:19:07,960	2754.002	100.649422	119.772072	140.715240
23-04-2026 14:19:11,265	2757.306	100.774376	119.952370	141.174530
23-04-2026 14:19:14,568	2760.609	100.957390	120.072769	141.189423
23-04-2026 14:19:17,771	2763.813	101.150475	120.169212	141.501709
23-04-2026 14:19:20,976	2767.017	101.295624	120.410736	141.606018
23-04-2026 14:19:24,286	2770.328	101.586655	120.713531	141.680542
23-04-2026 14:19:27,591	2773.632	101.654739	120.798508	141.904526
23-04-2026 14:19:30,897	2776.938	101.869011	120.932182	142.173981
23-04-2026 14:19:34,201	2780.242	102.064354	121.212265	142.308929
23-04-2026 14:19:37,407	2783.448	102.220917	121.285439	142.594421
23-04-2026 14:19:40,610	2786.651	102.397415	121.493195	142.820312
23-04-2026 14:19:43,917	2789.958	102.544830	121.664597	143.213028
23-04-2026 14:19:47,221	2793.263	102.643227	121.873192	143.394775
23-04-2026 14:19:50,526	2796.567	102.840355	121.971497	143.470566
23-04-2026 14:19:53,829	2799.871	103.028137	122.316383	143.789566
23-04-2026 14:19:57,136	2803.177	103.236160	122.353416	143.728745
23-04-2026 14:20:00,338	2806.380	103.504395	122.687340	144.185776
23-04-2026 14:20:03,644	2809.686	103.663750	122.774094	144.353867
23-04-2026 14:20:06,950	2812.992	103.733574	123.146843	144.583450
23-04-2026 14:20:10,259	2816.301	103.843384	123.321274	144.798218
23-04-2026 14:20:13,562	2819.604	103.983406	123.546013	145.090317
23-04-2026 14:20:16,865	2822.906	104.213959	123.696144	145.444946
23-04-2026 14:20:20,068	2826.109	104.294289	123.808922	145.614990
23-04-2026 14:20:23,274	2829.315	104.424988	124.085091	145.738800
23-04-2026 14:20:26,580	2832.622	104.606300	124.248688	145.986847
23-04-2026 14:20:29,883	2835.925	104.767830	124.564041	146.111099
23-04-2026 14:20:33,186	2839.227	104.970184	124.728470	146.282104
23-04-2026 14:20:36,497	2842.538	105.112122	124.969208	146.625015
23-04-2026 14:20:39,701	2845.742	105.335632	125.223335	146.656265
23-04-2026 14:20:42,904	2848.946	105.376335	125.452599	147.047318
23-04-2026 14:20:46,207	2852.249	105.529152	125.541893	147.172729
23-04-2026 14:20:49,512	2855.553	105.661850	125.771927	147.408340
23-04-2026 14:20:52,819	2858.860	105.794724	126.130836	147.660156
23-04-2026 14:20:56,123	2862.164	105.989326	126.169380	147.959930
23-04-2026 14:20:59,324	2865.366	106.256355	126.516876	148.212997
23-04-2026 14:21:02,529	2868.570	106.431412	126.542702	148.276398
23-04-2026 14:21:05,834	2871.876	106.575859	126.723427	148.577820
23-04-2026 14:21:09,139	2875.181	106.782616	126.878578	148.593689
23-04-2026 14:21:12,442	2878.483	106.886192	127.085876	148.911957
23-04-2026 14:21:15,748	2881.789	107.062553	127.306595	149.167191
23-04-2026 14:21:19,049	2885.091	107.166481	127.658134	149.310989
23-04-2026 14:21:22,256	2888.298	107.437294	127.775642	149.791779
23-04-2026 14:21:25,564	2891.606	107.604355	127.958649	150.597610
23-04-2026 14:21:28,864	2894.905	107.792725	128.037216	150.694717
23-04-2026 14:21:32,171	2898.212	107.950012	128.299469	150.791916
23-04-2026 14:21:35,477	2901.518	108.191734	128.457138	151.083923
23-04-2026 14:21:38,685	2904.726	108.381409	128.681015	151.230225
23-04-2026 14:21:41,885	2907.927	108.592621	128.786514	151.490753
23-04-2026 14:21:45,096	2911.138	108.836220	129.103699	151.735535
23-04-2026 14:21:48,403	2914.445	108.878609	129.222931	151.800919
23-04-2026 14:21:51,712	2917.754	109.080467	129.528229	152.013626
23-04-2026 14:21:55,017	2921.059	109.282768	129.514923	152.325226
23-04-2026 14:21:58,323	2924.364	109.528320	129.861160	152.440231
23-04-2026 14:22:01,526	2927.567	109.592484	130.101562	152.621201
23-04-2026 14:22:04,731	2930.772	109.849617	130.329163	152.670624
23-04-2026 14:22:08,034	2934.076	110.021500	130.503494	153.033524
23-04-2026 14:22:11,337	2937.379	110.182915	130.731995	153.232010
23-04-2026 14:22:14,640	2940.681	110.323097	130.893616	153.430801
23-04-2026 14:22:17,950	2943.992	110.495903	131.041962	153.563492
23-04-2026 14:22:21,154	2947.196	110.647423	131.244675	153.696426
23-04-2026 14:22:24,353	2950.394	110.853416	131.596939	153.962585
23-04-2026 14:22:27,658	2953.699	110.972916	131.732788	154.162689
23-04-2026 14:22:30,963	2957.004	111.081688	131.991348	154.246140
23-04-2026 14:22:34,270	2960.312	111.288750	131.964111	154.530365
23-04-2026 14:22:37,575	2963.616	111.496307	132.264236	154.949600
23-04-2026 14:22:40,878	2966.920	111.594772	132.496750	155.000000
23-04-2026 14:22:44,084	2970.126	111.835991	132.633804	155.302948
23-04-2026 14:22:47,290	2973.331	111.912888	132.853455	155.589783
23-04-2026 14:22:50,499	2976.540	112.110893	133.018478	155.877319
23-04-2026 14:22:53,803	2979.845	112.232140	133.183807	155.978958
23-04-2026 14:22:57,108	2983.150	112.408768	133.294144	156.386459
23-04-2026 14:23:00,413	2986.455	112.652237	133.556763	156.556656
23-04-2026 14:23:03,718	2989.760	112.774254	133.695251	156.761246
23-04-2026 14:23:06,922	2992.963	112.896393	133.847778	157.051666
23-04-2026 14:23:10,126	2996.167	113.074333	134.125732	157.325668
23-04-2026 14:23:13,329	2999.371	113.230377	134.251007	157.514404
23-04-2026 14:23:16,631	3002.673	113.565651	134.278900	157.686279
23-04-2026 14:23:19,941	3005.982	113.700134	134.613922	157.789474
23-04-2026 14:23:23,245	3009.287	113.834785	134.613937	157.910004
23-04-2026 14:23:26,551	3012.592	113.980911	134.795868	158.306992
23-04-2026 14:23:29,755	3015.796	114.172386	134.893967	158.410782
23-04-2026 14:23:32,956	3018.997	114.296455	135.160660	158.670609
23-04-2026 14:23:36,264	3022.305	114.545197	135.470383	158.687958
23-04-2026 14:23:39,567	3025.609	114.658455	135.597351	158.930984
23-04-2026 14:23:42,872	3028.913	114.896828	135.611481	158.983124
23-04-2026 14:23:46,177	3032.219	115.101631	135.682083	159.348831
23-04-2026 14:23:49,380	3035.421	115.215622	135.979218	159.418655
23-04-2026 14:23:52,583	3038.625	115.386871	136.177750	159.785660
23-04-2026 14:23:55,890	3041.931	115.524132	136.348236	159.768158
23-04-2026 14:23:59,193	3045.234	115.753342	136.675797	160.048508
23-04-2026 14:24:02,500	3048.542	115.902596	136.847092	160.118698
23-04-2026 14:24:05,807	3051.848	116.098198	136.975800	160.171387
23-04-2026 14:24:09,010	3055.051	116.201950	137.262268	160.646469
23-04-2026 14:24:12,217	3058.259	116.398193	137.391434	160.611206
23-04-2026 14:24:15,520	3061.561	116.560127	137.592712	160.964249
23-04-2026 14:24:18,826	3064.867	116.687576	137.722336	161.141129
23-04-2026 14:24:22,133	3068.175	116.919746	138.010880	161.460251
23-04-2026 14:24:25,436	3071.478	116.989517	138.140961	161.549042
23-04-2026 14:24:28,640	3074.682	117.222458	138.358185	161.726791
23-04-2026 14:24:31,845	3077.887	117.432625	138.648483	161.869202
23-04-2026 14:24:35,049	3081.090	117.514481	138.793945	162.386841
23-04-2026 14:24:38,252	3084.294	117.690140	139.041656	162.494202
23-04-2026 14:24:41,557	3087.599	117.889648	139.216934	162.745087
23-04-2026 14:24:44,858	3090.900	117.983681	139.436340	162.960571
23-04-2026 14:24:48,164	3094.206	118.172012	139.494919	163.230453
23-04-2026 14:24:51,469	3097.510	118.384399	139.788406	163.609299
23-04-2026 14:24:54,677	3100.718	118.549904	139.935455	163.555084
23-04-2026 14:24:57,979	3104.021	118.775009	140.141632	163.717758
23-04-2026 14:25:01,284	3107.325	118.869942	140.348206	164.061798
23-04-2026 14:25:04,591	3110.633	119.048225	140.747742	164.388718
23-04-2026 14:25:07,894	3113.936	119.143433	140.821930	164.698227
23-04-2026 14:25:11,096	3117.137	119.417763	140.970383	164.917175
23-04-2026 14:25:14,400	3120.442	119.644958	141.104172	165.173141
23-04-2026 14:25:17,707	3123.749	119.800774	141.282837	165.668228
23-04-2026 14:25:21,005	3127.046	119.944809	141.521530	165.723343
23-04-2026 14:25:24,310	3130.352	120.113136	141.700867	165.870499
23-04-2026 14:25:27,516	3133.557	120.269707	141.955490	166.036255
23-04-2026 14:25:30,720	3136.762	120.499046	142.000504	166.183762
23-04-2026 14:25:33,928	3139.969	120.607857	142.240753	166.257584
23-04-2026 14:25:37,232	3143.273	120.850166	142.481583	166.534836
23-04-2026 14:25:40,539	3146.580	120.947258	142.662506	166.553345
23-04-2026 14:25:43,842	3149.883	121.105209	143.070816	166.942566
23-04-2026 14:25:47,146	3153.187	121.251305	143.101120	167.221344
23-04-2026 14:25:50,352	3156.394	121.434196	143.176926	167.333038
23-04-2026 14:25:53,556	3159.598	121.629707	143.359070	167.426178
23-04-2026 14:25:56,856	3162.897	121.703140	143.419830	167.724731
23-04-2026 14:26:00,162	3166.203	121.972824	143.617599	168.005280
23-04-2026 14:26:03,471	3169.513	122.083366	143.846252	168.042725
23-04-2026 14:26:06,774	3172.815	122.218651	144.121262	168.211380
23-04-2026 14:26:09,978	3176.020	122.354141	144.320312	168.230148
23-04-2026 14:26:13,188	3179.229	122.563904	144.458298	168.624680
23-04-2026 14:26:16,489	3182.530	122.749382	144.688766	168.926102
23-04-2026 14:26:19,793	3185.834	122.823677	144.796448	169.020432
23-04-2026 14:26:23,099	3189.140	123.022064	145.259171	169.303879
23-04-2026 14:26:26,400	3192.441	123.158730	145.151047	169.758789
23-04-2026 14:26:29,607	3195.649	123.345390	145.429321	169.891754
23-04-2026 14:26:32,813	3198.855	123.532394	145.444855	170.101028
23-04-2026 14:26:36,118	3202.160	123.669762	145.677353	170.386902
23-04-2026 14:26:39,423	3205.464	123.932587	145.630798	170.539658
23-04-2026 14:26:42,725	3208.767	124.058014	145.832596	170.788254
23-04-2026 14:26:46,031	3212.072	124.347076	146.346558	170.941498
23-04-2026 14:26:49,236	3215.277	124.447792	146.299744	171.286926
23-04-2026 14:26:52,444	3218.485	124.611755	146.674927	171.267715
23-04-2026 14:26:55,743	3221.785	124.826569	146.784561	171.633362
23-04-2026 14:26:59,047	3225.089	124.864494	147.019897	171.633362
23-04-2026 14:27:02,359	3228.401	125.092560	147.004196	171.980667
23-04-2026 14:27:05,663	3231.704	125.232201	147.287247	172.193375
23-04-2026 14:27:08,868	3234.909	125.397491	147.492081	172.522873
23-04-2026 14:27:12,071	3238.113	125.626801	147.634140	172.639328
23-04-2026 14:27:15,377	3241.418	125.805550	147.823837	172.911545
23-04-2026 14:27:18,684	3244.726	125.946243	148.156570	173.028427
23-04-2026 14:27:21,992	3248.034	126.176857	148.220047	173.399109
23-04-2026 14:27:25,297	3251.338	126.330879	148.458435	173.164841
23-04-2026 14:27:28,500	3254.542	126.459480	148.840958	173.575043
23-04-2026 14:27:31,702	3257.744	126.562469	148.856918	173.731674
23-04-2026 14:27:34,910	3260.952	126.717117	149.016693	174.616196
23-04-2026 14:27:38,216	3264.258	126.910805	149.176727	174.853073
23-04-2026 14:27:41,520	3267.562	127.208527	149.577744	174.872833
23-04-2026 14:27:44,829	3270.870	127.299339	149.609894	175.288559
23-04-2026 14:27:48,131	3274.173	127.390221	149.819092	175.367889
23-04-2026 14:27:51,333	3277.375	127.715492	149.915741	175.705536
23-04-2026 14:27:54,536	3280.577	127.845901	150.190063	175.964401
23-04-2026 14:27:57,744	3283.786	128.081085	150.351761	176.163849
23-04-2026 14:28:01,048	3287.090	128.264359	150.529877	176.363586
23-04-2026 14:28:04,352	3290.394	128.566269	150.643402	176.663803
23-04-2026 14:28:07,662	3293.703	128.539963	150.968307	176.884399
23-04-2026 14:28:10,971	3297.012	128.816376	151.163696	176.864365
23-04-2026 14:28:14,174	3300.216	128.895447	151.375748	177.165741
23-04-2026 14:28:17,375	3303.417	129.080276	151.473785	177.427460
23-04-2026 14:28:20,682	3306.723	129.278687	151.850266	177.407288
23-04-2026 14:28:23,987	3310.029	129.504013	152.293808	177.588821
23-04-2026 14:28:27,292	3313.333	129.650101	152.162201	177.770508
23-04-2026 14:28:30,594	3316.635	129.756470	152.557465	177.851334
23-04-2026 14:28:33,798	3319.839	130.009583	152.689499	178.276642
23-04-2026 14:28:37,003	3323.045	130.143082	152.838257	178.256409
23-04-2026 14:28:40,308	3326.350	130.276718	152.970612	178.520325
23-04-2026 14:28:43,617	3329.658	130.370377	153.235855	178.642319
23-04-2026 14:28:46,921	3332.962	130.544571	153.518311	178.988556
23-04-2026 14:28:50,223	3336.265	130.598221	153.684784	178.988556
23-04-2026 14:28:53,424	3339.465	130.813141	153.818146	179.315277
23-04-2026 14:28:56,631	3342.673	130.840012	154.085281	179.294846
23-04-2026 14:28:59,933	3345.974	130.988068	154.269348	179.356186
23-04-2026 14:29:03,244	3349.285	131.136353	154.403381	179.642807
23-04-2026 14:29:06,547	3352.589	131.284866	154.571152	179.519867
23-04-2026 14:29:09,850	3355.891	131.338928	154.403381	179.294846
23-04-2026 14:29:13,056	3359.098	131.271332	154.235886	178.947754
23-04-2026 14:29:16,261	3362.303	131.379486	154.353104	179.172256
23-04-2026 14:29:19,467	3365.509	131.365952	154.118759	178.642303
23-04-2026 14:29:22,772	3368.813	131.298355	154.051865	178.439072
23-04-2026 14:29:26,076	3372.118	131.325424	154.035172	178.317245
23-04-2026 14:29:29,385	3375.427	131.325409	154.001740	177.730118
23-04-2026 14:29:32,690	3378.731	131.311859	154.018433	177.608978
23-04-2026 14:29:35,890	3381.932	131.325409	153.751434	177.367004
23-04-2026 14:29:39,093	3385.135	131.271332	154.018448	176.884399
23-04-2026 14:29:42,303	3388.345	131.433563	153.901535	176.583710
23-04-2026 14:29:45,609	3391.650	131.379471	154.051849	176.463562
23-04-2026 14:29:48,912	3394.954	131.420059	154.001740	176.343613
23-04-2026 14:29:52,220	3398.262	131.379486	153.884872	176.203796
23-04-2026 14:29:55,527	3401.569	131.203827	153.951645	176.103973
23-04-2026 14:29:58,729	3404.771	131.352402	153.851471	175.805038
23-04-2026 14:30:01,928	3407.970	131.338928	153.918274	175.487000
23-04-2026 14:30:05,138	3411.180	131.244324	153.768082	175.348053
23-04-2026 14:30:08,446	3414.488	131.298355	153.901535	175.031036
23-04-2026 14:30:11,750	3417.792	131.271332	153.718109	175.050842
23-04-2026 14:30:15,056	3421.098	131.136353	153.634811	174.774094
23-04-2026 14:30:18,365	3424.407	131.149841	153.634827	174.616211
23-04-2026 14:30:21,567	3427.609	131.176834	153.584854	174.419128
23-04-2026 14:30:24,772	3430.814	131.163315	153.684784	174.517609
23-04-2026 14:30:28,076	3434.118	131.203812	153.568207	174.300995
23-04-2026 14:30:31,382	3437.424	131.149841	153.701431	173.908112
23-04-2026 14:30:34,688	3440.730	131.163315	153.768082	173.731705
23-04-2026 14:30:37,991	3444.033	131.325424	153.568207	173.672913
23-04-2026 14:30:41,193	3447.235	131.203827	153.801483	173.672913
23-04-2026 14:30:44,396	3450.438	131.311859	153.868210	173.242859
23-04-2026 14:30:47,720	3453.762	131.271332	153.801468	173.418655
23-04-2026 14:30:51,009	3457.051	131.338913	153.601486	173.281891
23-04-2026 14:30:54,317	3460.358	131.298355	153.584854	173.203857
23-04-2026 14:30:57,622	3463.663	131.379486	153.851471	173.028427
23-04-2026 14:31:00,821	3466.863	131.352417	153.618134	173.028427
23-04-2026 14:31:04,028	3470.069	131.379486	153.584854	172.717072
23-04-2026 14:31:07,334	3473.376	131.474182	153.584854	172.600479
23-04-2026 14:31:10,638	3476.680	131.528320	153.668121	172.639343
23-04-2026 14:31:13,944	3479.985	131.541840	153.701431	172.581070
23-04-2026 14:31:17,117	3483.158	131.460648	153.651489	172.600479
23-04-2026 14:31:19,950	3485.992	131.311859	153.584854	172.367737
23-04-2026 14:31:22,958	3489.000	131.433578	153.701431	172.484085
23-04-2026 14:31:26,267	3492.308	131.365967	153.634827	172.212784
23-04-2026 14:31:29,569	3495.611	131.298340	153.618134	171.922729
23-04-2026 14:31:32,774	3498.816	131.284866	153.668121	171.884094
23-04-2026 14:31:35,984	3502.025	131.311859	153.401917	171.845474
23-04-2026 14:31:39,289	3505.331	131.338928	153.551575	171.768295
23-04-2026 14:31:42,596	3508.637	131.365967	153.435135	171.749039
23-04-2026 14:31:45,900	3511.941	131.338913	153.568207	171.383072
23-04-2026 14:31:49,200	3515.241	131.528336	153.385300	171.306198
23-04-2026 14:31:52,403	3518.445	131.487717	153.352081	171.286942
23-04-2026 14:31:55,608	3521.650	131.365967	153.318817	171.171692
23-04-2026 14:31:58,787	3524.829	131.379486	153.435135	171.383072
23-04-2026 14:32:01,621	3527.663	131.447113	153.335434	171.152466
23-04-2026 14:32:04,628	3530.669	131.487717	153.169479	171.267731
23-04-2026 14:32:07,833	3533.874	131.379486	153.219193	171.133316
23-04-2026 14:32:11,137	3537.179	131.596054	153.318817	170.903198
23-04-2026 14:32:14,444	3540.486	131.636749	153.285645	170.769135
23-04-2026 14:32:17,749	3543.790	131.690964	153.070007	170.807388
23-04-2026 14:32:21,050	3547.091	131.718094	153.020309	170.635223
23-04-2026 14:32:24,254	3550.295	131.690979	153.003769	170.597015
23-04-2026 14:32:27,562	3553.604	131.636734	153.219193	170.654327
23-04-2026 14:32:30,866	3556.907	131.582520	153.169479	170.425079
23-04-2026 14:32:34,169	3560.210	131.541870	153.036880	170.253418
23-04-2026 14:32:37,494	3563.535	131.623169	153.186081	170.348770
23-04-2026 14:32:40,679	3566.720	131.514801	153.202621	170.367828
23-04-2026 14:32:43,884	3569.925	131.501236	153.119720	170.348770
23-04-2026 14:32:47,097	3573.138	131.541855	153.103149	170.329666
23-04-2026 14:32:50,271	3576.313	131.555435	153.036880	170.253418
23-04-2026 14:32:53,107	3579.148	131.623169	152.987167	170.234375
23-04-2026 14:32:56,119	3582.161	131.609604	152.954071	169.967804
23-04-2026 14:32:59,320	3585.362	131.718094	152.954071	169.948792
23-04-2026 14:33:02,522	3588.563	131.541870	153.020309	169.910782
23-04-2026 14:33:05,833	3591.875	131.420059	153.086563	169.948792
23-04-2026 14:33:09,139	3595.181	131.487717	153.119751	169.891754
23-04-2026 14:33:12,443	3598.484	131.555420	153.020294	170.024887
23-04-2026 14:33:15,748	3601.789	131.582520	152.887894	169.872757